x	y
642.13134765625	29.417325973510742
647.91357421875	30.462289810180664
653.7171630859375	33.483604431152344
665.029052734375	36.247127532958984
647.754150390625	42.876224517822266
524.807861328125	50.79023361206055
469.9011535644531	60.18809127807617
417.15130615234375	60.80849838256836
583.0477294921875	66.11058807373047
602.7364501953125	65.57011413574219
452.8505554199219	68.6494140625
460.68914794921875	68.9332275390625
529.4573364257812	68.88114166259766
597.753662109375	69.0581283569336
485.5736083984375	69.57369232177734
479.9560241699219	71.39680480957031
607.029541015625	70.5252685546875
553.237060546875	74.74332427978516
470.212890625	79.52616882324219
407.8009338378906	86.38280487060547
352.0943603515625	90.21371459960938
645.443115234375	90.05558776855469
404.6257629394531	92.31243133544922
381.8321533203125	93.30427551269531
656.0391845703125	97.26055908203125
395.5064392089844	103.92453002929688
719.0118408203125	105.86175537109375
394.21893310546875	109.61258697509766
367.4903869628906	112.15219116210938
410.7691650390625	114.94268035888672
673.9871826171875	116.77897644042969
454.3971252441406	124.73817443847656
351.078369140625	125.83295440673828
669.7203979492188	134.9473876953125
364.808837890625	136.2400665283203
686.8261108398438	135.5531463623047
359.0412902832031	138.77186584472656
671.7556762695312	140.18540954589844
366.81280517578125	141.1148223876953
372.6249694824219	141.04638671875
677.2327270507812	140.6759033203125
694.8612670898438	145.38304138183594
517.0101318359375	145.8201141357422
691.097412109375	150.4924774169922
369.2203674316406	152.7112274169922
683.4163818359375	152.50709533691406
500.3880920410156	153.61260986328125
538.584228515625	153.85215759277344
494.69476318359375	155.23590087890625
432.41668701171875	155.8228302001953
506.7557067871094	156.89845275878906
370.154541015625	158.46592712402344
502.4264831542969	159.19027709960938
497.0470886230469	161.15211486816406
685.9070434570312	160.90090942382812
361.95477294921875	161.7844696044922
745.8348999023438	161.88905334472656
534.7222900390625	163.8433380126953
368.0233154296875	166.35787963867188
574.6464233398438	177.36749267578125
433.3102722167969	179.20721435546875
585.39208984375	179.22000122070312
488.4846496582031	182.5972900390625
560.2825317382812	185.18572998046875
572.04248046875	184.8346710205078
346.3038330078125	187.33782958984375
471.35540771484375	186.87069702148438
485.62176513671875	188.54278564453125
494.5590515136719	190.3868865966797
500.7352294921875	189.89834594726562
531.7528076171875	195.2530059814453
585.9221801757812	198.3114013671875
475.3056945800781	198.8993682861328
582.3658447265625	202.53663635253906
587.8731689453125	203.20980834960938
576.6505126953125	203.54881286621094
495.9038391113281	205.96902465820312
468.56048583984375	209.31605529785156
412.3791809082031	210.20632934570312
543.15625	210.16749572753906
355.0246887207031	210.9236297607422
531.7440185546875	211.5078582763672
576.4986572265625	211.42822265625
596.142822265625	210.60403442382812
526.7864379882812	214.178955078125
547.4019165039062	213.7338409423828
593.0768432617188	214.5115966796875
359.4576721191406	214.67723083496094
367.1851501464844	215.31434631347656
431.9173583984375	216.03668212890625
482.5661926269531	217.1613006591797
330.78912353515625	218.00257873535156
461.4433898925781	218.19578552246094
576.8661499023438	218.2827911376953
436.4197082519531	218.61972045898438
542.2216796875	219.14100646972656
554.0990600585938	218.77206420898438
489.1937255859375	220.0123748779297
547.0621337890625	219.8560791015625
525.634521484375	221.26124572753906
470.9871826171875	221.66531372070312
551.1066284179688	222.69761657714844
559.0692749023438	222.8297119140625
434.6898193359375	224.58450317382812
543.5565185546875	223.98870849609375
465.7681579589844	225.12693786621094
782.4989013671875	225.2010040283203
455.6607360839844	226.41366577148438
548.6460571289062	227.04359436035156
555.1148071289062	226.57603454589844
566.6375732421875	229.89309692382812
520.15625	231.10231018066406
552.6209106445312	233.05142211914062
445.06011962890625	234.1337890625
347.3490905761719	234.96676635742188
477.4378356933594	235.8024444580078
483.6672668457031	236.0018310546875
571.4332275390625	236.70233154296875
575.7804565429688	242.59848022460938
657.0545043945312	244.31903076171875
549.6908569335938	246.3292999267578
563.353759765625	246.06417846679688
640.1154174804688	245.7939910888672
624.8280639648438	246.96250915527344
381.996337890625	247.81655883789062
577.739501953125	248.5358123779297
550.578369140625	251.91310119628906
569.8873291015625	251.74038696289062
582.324462890625	252.3350830078125
656.0355224609375	252.2097625732422
617.2980346679688	252.50003051757812
653.0697631835938	258.80828857421875
540.1561889648438	260.0219421386719
403.1805725097656	261.4294128417969
582.3007202148438	261.0613708496094
556.9593505859375	261.5379638671875
577.2849731445312	262.4902648925781
844.3045043945312	261.9021301269531
551.0750122070312	263.51416015625
787.5195922851562	263.45355224609375
480.77044677734375	265.0439758300781
544.0241088867188	265.3500061035156
581.0909423828125	268.0108947753906
634.3801879882812	268.26123046875
538.6929931640625	269.1466064453125
568.6829223632812	269.3912048339844
550.2830810546875	269.9754333496094
563.1492919921875	270.0508728027344
575.9655151367188	269.58843994140625
556.0516357421875	271.10107421875
546.111083984375	272.2001647949219
635.5460815429688	273.5901794433594
552.3480834960938	275.2637023925781
569.5147705078125	275.1592102050781
578.3838500976562	275.6189880371094
430.9369201660156	275.97406005859375
558.9873046875	277.5108642578125
663.1285400390625	283.8616027832031
531.0254516601562	294.31903076171875
642.0824584960938	295.9815979003906
732.1981201171875	297.73126220703125
623.3834228515625	301.9305419921875
845.627197265625	301.9307556152344
820.55126953125	303.6916198730469
735.5660400390625	305.7488098144531
741.17041015625	307.2241516113281
474.3735656738281	308.1207580566406
610.5257568359375	311.25518798828125
682.4730834960938	312.9458923339844
693.8912353515625	322.4563903808594
862.0669555664062	322.6217956542969
555.2901000976562	324.2733459472656
527.7334594726562	329.7437438964844
695.806396484375	329.9079895019531
701.1878051757812	331.4792785644531
691.12158203125	332.5842590332031
523.3050537109375	333.8132629394531
779.9227294921875	335.3887023925781
797.0143432617188	335.9590759277344
784.9331665039062	337.9823303222656
527.0598754882812	339.78240966796875
710.2014770507812	340.90240478515625
563.7722778320312	342.9123229980469
530.0341796875	344.2002258300781
572.5894775390625	347.3182678222656
711.9074096679688	348.11505126953125
518.7943725585938	348.9562072753906
525.0104370117188	348.85968017578125
719.5751953125	349.9788513183594
458.0699462890625	354.72479248046875
439.298828125	370.096435546875
430.8921813964844	379.0161437988281
241.54823303222656	395.7549133300781
718.0943603515625	398.5757141113281
236.9994354248047	400.1844177246094
463.4654235839844	420.423828125
245.17835998535156	420.58331298828125
465.1070861816406	426.5540466308594
375.6494140625	430.5374450683594
175.98049926757812	516.3889770507812
624.8206787109375	751.8095092773438
642.980712890625	761.2108764648438
615.813720703125	763.9483032226562
664.1329956054688	763.5039672851562
656.8310546875	769.4957885742188
608.3707885742188	770.365234375
636.4107666015625	769.6524047851562
653.9811401367188	783.3936767578125
699.322509765625	787.866455078125
627.9517822265625	792.7794799804688
634.2741088867188	792.4857788085938
634.1533203125	809.0575561523438
708.5768432617188	812.0776977539062
695.7994384765625	896.0949096679688
517.6727905273438	948.8115234375
451.24871826171875	968.21533203125
505.7939147949219	1020.3843994140625
481.7140197753906	1025.223876953125
487.9147644042969	1033.2017822265625
495.4140930175781	1037.450927734375
487.475341796875	1039.257568359375
475.443603515625	1041.9571533203125
516.7308959960938	1042.41796875
484.6431579589844	1051.1748046875
515.5390625	1051.650146484375
491.349853515625	1055.1785888671875
486.1215515136719	1057.4241943359375
507.69708251953125	1057.95947265625
480.1742248535156	1058.9534912109375
521.195556640625	1060.279541015625
489.02667236328125	1069.281982421875
478.3560485839844	1073.1619873046875
476.9783630371094	1082.82958984375
475.9076232910156	1088.7794189453125
185.8286895751953	1163.1180419921875
241.29379272460938	44.79722213745117
518.2371826171875	45.64402770996094
421.34832763671875	54.71320724487305
427.34075927734375	60.9481086730957
516.010986328125	61.409446716308594
451.3663330078125	61.834068298339844
484.3548889160156	62.388572692871094
99.89237976074219	62.90228271484375
300.99273681640625	62.727535247802734
463.20880126953125	62.745765686035156
601.3571166992188	63.499671936035156
535.4700927734375	64.31301879882812
412.2295837402344	64.9692153930664
519.5005493164062	67.68707275390625
283.78466796875	70.37435150146484
466.9512939453125	69.9875717163086
544.0501098632812	70.18502044677734
857.5219116210938	72.19166564941406
631.680908203125	74.28704071044922
157.4635467529297	76.7160415649414
475.9201354980469	77.51283264160156
403.1374206542969	81.9039306640625
638.21044921875	82.39531707763672
385.3235168457031	84.7893295288086
478.3763732910156	86.28445434570312
652.1217651367188	87.64369201660156
359.1073913574219	89.20146179199219
403.078125	95.70008850097656
467.00311279296875	95.81519317626953
375.6392822265625	96.9374771118164
655.1173706054688	96.71435546875
326.0328063964844	101.6760025024414
721.5680541992188	105.68241882324219
404.9432373046875	108.39595031738281
532.9985961914062	107.99382781982422
386.9553527832031	110.30773162841797
360.2068176269531	117.61602020263672
454.4899597167969	117.61991119384766
345.4691467285156	125.10894012451172
353.7500915527344	126.1558837890625
615.4405517578125	126.30187225341797
687.156982421875	125.78865051269531
440.8373718261719	127.19818878173828
204.46839904785156	133.01609802246094
718.6022338867188	135.20184326171875
412.4670715332031	136.7039337158203
511.1949462890625	136.77842712402344
272.0670471191406	139.25750732421875
211.78553771972656	139.59356689453125
436.069091796875	145.4759521484375
383.27899169921875	146.65475463867188
424.9980773925781	147.2321319580078
487.8421630859375	148.3053741455078
643.8248291015625	150.3586883544922
685.3761596679688	150.08111572265625
697.8219604492188	152.21511840820312
377.9450988769531	153.41641235351562
676.97119140625	153.74160766601562
425.1664733886719	156.09214782714844
763.2222290039062	156.18447875976562
680.773193359375	157.94686889648438
721.2640991210938	157.76669311523438
703.6187133789062	159.048583984375
755.2763061523438	158.54205322265625
363.2075500488281	160.54183959960938
788.8106079101562	161.19558715820312
584.2816162109375	163.07896423339844
389.3018798828125	165.33447265625
678.8914794921875	165.1096649169922
653.41259765625	166.40573120117188
398.16656494140625	169.28350830078125
362.0462951660156	171.1262664794922
791.6044921875	171.63687133789062
448.4942626953125	172.6871795654297
389.7100524902344	173.68568420410156
491.8376770019531	177.74806213378906
557.2720947265625	178.5142364501953
352.4712219238281	180.9921417236328
482.483642578125	182.9401397705078
571.419677734375	182.8099822998047
548.01171875	184.9056854248047
500.4232177734375	187.42300415039062
535.0291748046875	187.33016967773438
429.7242126464844	189.32118225097656
476.83270263671875	189.13653564453125
526.7574462890625	191.17803955078125
471.64837646484375	192.32952880859375
562.4954223632812	191.90167236328125
577.3423461914062	193.16305541992188
483.0725402832031	196.35304260253906
570.1085205078125	195.65553283691406
418.91998291015625	198.46759033203125
492.5672912597656	197.64739990234375
428.9834289550781	198.68626403808594
592.87646484375	200.16639709472656
766.6876831054688	199.67550659179688
468.2435302734375	201.075927734375
626.366943359375	200.90740966796875
776.0433959960938	202.08749389648438
528.0164794921875	204.986328125
582.5127563476562	204.92892456054688
659.6094360351562	205.9525604248047
434.5303649902344	207.33006286621094
519.029296875	208.44293212890625
782.3585205078125	208.177734375
480.9596252441406	208.509521484375
638.677978515625	210.9470672607422
848.9039306640625	211.19137573242188
549.8114624023438	211.69717407226562
327.6947937011719	213.33995056152344
495.9937438964844	213.89268493652344
132.45541381835938	215.1852569580078
474.0018310546875	214.6468963623047
340.2845153808594	217.41226196289062
429.1289367675781	217.01608276367188
376.99420166015625	219.5327606201172
623.6036376953125	220.1941375732422
482.7131042480469	220.80645751953125
463.5894775390625	221.55523681640625
525.3794555664062	223.75132751464844
539.0184936523438	224.31248474121094
331.82696533203125	225.5291290283203
340.0508728027344	227.08448791503906
433.9872131347656	227.40826416015625
421.4090270996094	228.0547637939453
376.2641906738281	229.45919799804688
487.3776550292969	228.8274688720703
544.4351806640625	230.12509155273438
651.7399291992188	231.4517364501953
579.3941040039062	232.3564910888672
437.7971496582031	232.80621337890625
459.79296875	232.96493530273438
513.184814453125	234.82882690429688
448.31591796875	236.0790557861328
658.533203125	237.2456817626953
171.7646484375	238.10423278808594
572.0304565429688	238.58689880371094
475.7110595703125	240.6600799560547
422.68328857421875	242.21636962890625
631.2794799804688	242.27035522460938
673.60595703125	242.18568420410156
598.7933959960938	242.6446075439453
453.8980407714844	244.61892700195312
344.2433776855469	246.1528778076172
556.5438842773438	248.32374572753906
649.9180908203125	248.38058471679688
686.84765625	250.1769561767578
544.5665283203125	251.03701782226562
557.4961547851562	259.664794921875
450.2744140625	259.9661560058594
615.1514892578125	259.6908874511719
443.18695068359375	262.1397399902344
845.51806640625	261.6181640625
584.8594360351562	263.079345703125
353.80096435546875	263.85516357421875
435.3816833496094	265.7010498046875
100.36875915527344	267.215087890625
293.5987243652344	267.9189147949219
561.7756958007812	268.9889831542969
393.0160217285156	271.1636657714844
782.3770751953125	273.9656982421875
543.7420043945312	276.9646301269531
567.126953125	277.4445495605469
630.7101440429688	277.3294677734375
639.0342407226562	278.450439453125
449.85308837890625	279.45074462890625
121.6053237915039	280.9046325683594
483.8218688964844	284.0216064453125
301.76861572265625	284.7821350097656
845.0247192382812	286.4637756347656
436.1629638671875	287.4300842285156
448.6836853027344	288.7663269042969
639.133544921875	288.6961975097656
445.4595642089844	289.64776611328125
185.6218719482422	291.1158752441406
98.47557067871094	292.9189147949219
661.313720703125	292.95562744140625
484.4916687011719	293.74786376953125
553.7904663085938	294.3600769042969
821.0715942382812	295.4233703613281
570.650390625	298.71728515625
505.3983154296875	301.6531066894531
560.3388061523438	300.481201171875
467.0653991699219	302.05450439453125
614.2142944335938	301.5062561035156
843.257568359375	302.8648681640625
419.0261535644531	304.5072326660156
561.0347290039062	309.1957092285156
821.4754638671875	308.5761413574219
501.0881042480469	310.1725769042969
604.0636596679688	312.15594482421875
739.0890502929688	314.07391357421875
670.7616577148438	314.829345703125
555.6569213867188	317.35736083984375
857.6646728515625	317.1173400878906
603.5194091796875	319.6589050292969
681.0206909179688	320.4990234375
692.8124389648438	319.4698181152344
495.08251953125	320.5523681640625
485.233154296875	321.64044189453125
587.2894897460938	325.79815673828125
801.947265625	329.12646484375
533.8895874023438	333.8165283203125
566.8242797851562	336.8829040527344
574.5634155273438	338.4914245605469
758.5611572265625	337.60125732421875
455.1974182128906	338.7248840332031
737.6122436523438	341.57794189453125
766.8436279296875	342.07440185546875
782.5250244140625	345.266845703125
708.8634643554688	347.21636962890625
575.060302734375	347.9615478515625
728.0661010742188	352.6057434082031
581.9317626953125	356.1432189941406
722.437255859375	358.9189453125
774.8779296875	358.99822998046875
414.1959228515625	364.47174072265625
428.5863952636719	364.0664367675781
890.9019775390625	367.8045959472656
560.032958984375	369.42218017578125
418.4763488769531	372.7867126464844
427.8639831542969	372.9599609375
609.4861450195312	373.0494079589844
436.41339111328125	373.85614013671875
280.1508483886719	390.719482421875
601.1331787109375	390.78704833984375
721.1195068359375	396.5285949707031
705.863525390625	400.0959167480469
223.6771240234375	409.6050720214844
238.7513885498047	414.0256042480469
579.10205078125	418.8465270996094
464.1213684082031	423.191650390625
472.40948486328125	423.677734375
599.3264770507812	428.6559753417969
448.3606262207031	432.6871337890625
594.2933349609375	444.385986328125
507.4875793457031	451.73187255859375
436.4952392578125	455.40069580078125
439.4375915527344	462.8902893066406
567.1637573242188	513.013916015625
425.150146484375	536.3407592773438
513.9830322265625	537.1672973632812
561.4968872070312	542.1914672851562
417.5740051269531	548.3935546875
508.88299560546875	633.7078247070312
493.892822265625	709.4639282226562
563.6651000976562	739.3599243164062
649.7778930664062	740.7439575195312
613.6780395507812	752.4246826171875
643.234619140625	753.3401489257812
651.6199340820312	762.9911499023438
630.3515625	764.440185546875
675.0325317382812	765.0781860351562
621.18896484375	765.9609985351562
572.6439208984375	766.9485473632812
601.7066650390625	769.4932250976562
643.885986328125	769.6651000976562
684.046142578125	770.1813354492188
666.4456176757812	771.08447265625
660.8828735351562	773.8582763671875
652.211181640625	775.2503662109375
637.43603515625	776.9039916992188
645.675048828125	779.4940795898438
518.02685546875	795.4111938476562
597.21728515625	795.3770141601562
705.6051635742188	794.2313842773438
627.3804321289062	795.338623046875
650.0978393554688	797.0711059570312
528.0421142578125	801.8067016601562
598.1600341796875	803.3381958007812
606.5804443359375	803.7350463867188
637.1657104492188	806.3416137695312
617.6300659179688	807.5794677734375
707.8610229492188	809.353515625
698.677978515625	811.533935546875
490.49456787109375	842.1802978515625
693.0816040039062	882.235107421875
680.9837036132812	908.9825439453125
670.5390625	914.6963500976562
518.3500366210938	959.2005615234375
512.4537963867188	1019.101806640625
511.3412780761719	1027.792236328125
494.3572082519531	1029.863037109375
516.5300903320312	1036.049072265625
467.10308837890625	1037.5718994140625
469.0217590332031	1046.118408203125
490.1431884765625	1046.0262451171875
520.6077880859375	1045.6295166015625
505.6126403808594	1047.093505859375
474.583251953125	1052.856201171875
512.9812622070312	1053.8138427734375
529.39501953125	1053.64599609375
522.0040893554688	1058.7733154296875
488.6549377441406	1062.516357421875
512.55224609375	1063.477783203125
497.21270751953125	1063.723876953125
467.39422607421875	1065.546875
481.4456787109375	1066.0958251953125
471.10174560546875	1072.6939697265625
463.77349853515625	1074.694091796875
482.28656005859375	1079.5960693359375
476.009033203125	1086.0880126953125
117.44596099853516	1086.6236572265625
529.8999633789062	1086.606201171875
526.2824096679688	1094.3280029296875
480.37054443359375	1095.5625
531.379150390625	1097.419921875
524.572998046875	1109.25732421875
150.73764038085938	1128.9029541015625
522.7305908203125	1135.5521240234375
380.2109680175781	110.93909454345703
367.34295654296875	163.56753540039062
486.3774108886719	188.38705444335938
780.9092407226562	191.84278869628906
455.23028564453125	225.95852661132812
336.151123046875	245.6609344482422
549.7182006835938	301.9822998046875
581.627685546875	746.7680053710938
663.6671752929688	755.7120971679688
185.8675079345703	57.68171310424805
200.32081604003906	59.376708984375
223.11732482910156	58.8572883605957
450.99981689453125	60.113731384277344
427.4400329589844	61.18918991088867
462.75946044921875	61.29326629638672
484.0739440917969	60.86090087890625
299.70660400390625	62.015525817871094
599.8558349609375	61.53111267089844
100.22611236572266	63.378421783447266
536.5267333984375	62.586143493652344
525.9381713867188	65.43600463867188
412.3960876464844	65.39356994628906
517.0307006835938	65.82283782958984
583.65087890625	66.16401672363281
248.38124084472656	67.48160552978516
282.9608154296875	70.63956451416016
630.5913696289062	72.01387023925781
857.1676635742188	72.80891418457031
791.762451171875	73.48636627197266
475.3661193847656	74.96636199951172
158.0074920654297	76.4127426147461
246.0605926513672	78.44464874267578
385.0628662109375	83.1669921875
641.0565185546875	83.79579162597656
237.1548614501953	86.60232543945312
360.0950622558594	87.71332550048828
261.6996765136719	90.24716186523438
79.02774810791016	91.5196533203125
352.65716552734375	92.46440124511719
478.07598876953125	95.23439025878906
464.06683349609375	97.21500396728516
654.857177734375	96.77944946289062
402.0144348144531	97.87154388427734
101.02082061767578	100.47773742675781
239.5018768310547	101.01414489746094
325.4832458496094	101.82250213623047
416.2038879394531	104.9004135131836
721.4205322265625	106.19840240478516
403.22003173828125	106.67219543457031
218.48829650878906	111.29685974121094
386.4752197265625	110.51626586914062
412.3825378417969	115.83710479736328
455.4651794433594	117.32308959960938
360.6153869628906	117.9350814819336
159.8369598388672	122.96207427978516
687.3737182617188	124.29076385498047
345.5338134765625	125.01811981201172
440.7178955078125	126.32979583740234
615.2854614257812	126.70731353759766
247.9849090576172	130.07998657226562
206.17050170898438	133.43492126464844
716.9395751953125	135.43569946289062
410.8318786621094	136.27439880371094
211.6540069580078	137.9454803466797
271.3869934082031	138.45294189453125
510.63104248046875	138.4650115966797
355.14166259765625	140.58279418945312
436.2525939941406	145.06834411621094
424.67340087890625	145.8190460205078
385.26080322265625	147.0850372314453
686.2610473632812	147.4635467529297
645.5849609375	150.77638244628906
698.1893310546875	151.07411193847656
676.135498046875	153.92442321777344
764.5507202148438	154.96072387695312
680.1624145507812	157.65086364746094
753.7855224609375	157.4480438232422
787.2420043945312	159.06410217285156
745.36181640625	160.9694061279297
281.2037658691406	161.58810424804688
365.2673034667969	161.5211639404297
699.42041015625	162.08863830566406
389.6836853027344	163.7761688232422
584.225341796875	163.53631591796875
260.2635192871094	164.60203552246094
651.5403442382812	166.43740844726562
678.0068359375	166.57318115234375
398.32220458984375	168.777587890625
791.1385498046875	171.98085021972656
448.14190673828125	173.25286865234375
504.8668212890625	173.5320281982422
387.43475341796875	174.3042755126953
490.637451171875	176.4358367919922
287.7138366699219	178.2029266357422
352.3618469238281	180.10939025878906
584.8825073242188	180.23117065429688
632.2280883789062	181.04742431640625
159.41958618164062	182.3712921142578
572.09814453125	181.93771362304688
260.06884765625	183.60958862304688
547.7611083984375	185.06983947753906
536.4983520507812	186.15576171875
147.54502868652344	186.9368438720703
592.7846069335938	186.75489807128906
765.1920776367188	187.37875366210938
655.1890258789062	188.05630493164062
475.7945251464844	189.20932006835938
346.4674072265625	190.51268005371094
577.5457763671875	193.0234832763672
563.3453369140625	193.85658264160156
666.9984741210938	195.30677795410156
690.8278198242188	194.7352752685547
568.6414184570312	196.6157989501953
418.1799621582031	198.14410400390625
428.9785461425781	197.8409423828125
481.75341796875	198.1221466064453
344.6314392089844	199.35252380371094
493.0830993652344	199.6056365966797
765.9313354492188	199.9879150390625
776.0493774414062	200.3847198486328
626.5348510742188	201.04177856445312
527.8775024414062	203.6527557373047
610.93017578125	203.79339599609375
660.25732421875	204.3876953125
480.7775573730469	206.69076538085938
518.3377075195312	206.77999877929688
542.9613037109375	206.52415466308594
286.10589599609375	208.46937561035156
783.7909545898438	208.35606384277344
422.67315673828125	210.49639892578125
551.5361328125	210.4824676513672
638.0498657226562	209.86126708984375
848.44140625	211.4851837158203
533.8436889648438	211.6768341064453
576.561279296875	213.7259979248047
496.34979248046875	214.67201232910156
132.97767639160156	215.59275817871094
474.55731201171875	216.7742919921875
377.2940979003906	218.007080078125
484.07501220703125	219.47203063964844
463.4833679199219	220.2126922607422
621.6424560546875	219.62925720214844
562.7933349609375	220.82557678222656
538.7053833007812	223.1563720703125
496.7737121582031	225.23294067382812
590.9818115234375	225.2198486328125
552.4428100585938	226.2047576904297
420.9810485839844	227.3361358642578
375.7068176269531	230.01316833496094
545.7449340820312	229.68260192871094
580.2105102539062	231.18370056152344
436.56732177734375	232.05946350097656
512.5209350585938	233.41348266601562
338.721923828125	234.03399658203125
451.3758544921875	235.20899963378906
659.9703979492188	236.1891632080078
172.96249389648438	238.0117645263672
560.828125	237.54283142089844
648.544921875	238.11972045898438
632.5263671875	240.22024536132812
673.3278198242188	240.49957275390625
598.392822265625	240.93345642089844
537.6087036132812	241.86026000976562
571.9214477539062	241.7098388671875
345.9150085449219	244.9683380126953
315.3072814941406	245.99542236328125
623.6929321289062	246.21868896484375
555.5195922851562	246.8905487060547
658.082275390625	247.49375915527344
686.0072631835938	249.47320556640625
422.8372497558594	251.3960418701172
303.34674072265625	252.20521545410156
544.9573364257812	252.37396240234375
389.61199951171875	256.485107421875
577.82666015625	257.3062744140625
589.70751953125	256.4628601074219
331.9421081542969	257.5013732910156
558.0869140625	258.52313232421875
614.028564453125	260.2322692871094
450.7181701660156	261.5543212890625
845.0578002929688	262.0076904296875
353.1175842285156	263.4649963378906
441.9219665527344	262.5753479003906
435.64404296875	266.21246337890625
100.4110107421875	266.9450988769531
573.0680541992188	266.81005859375
452.28948974609375	269.8587341308594
547.7413940429688	268.6110534667969
561.2440185546875	268.76861572265625
123.43988800048828	270.2860107421875
392.7694091796875	270.2975769042969
782.0185546875	272.87579345703125
181.6464385986328	275.9657897949219
543.8649291992188	277.0032043457031
638.7870483398438	279.1112976074219
282.7731628417969	280.3780822753906
567.8823852539062	279.5908508300781
122.1203384399414	281.29510498046875
663.752197265625	281.1952209472656
300.85430908203125	284.48541259765625
484.5414123535156	284.44580078125
311.3098449707031	284.7084655761719
414.7593688964844	285.9688720703125
844.44921875	286.43695068359375
436.2405090332031	287.5831604003906
638.704345703125	286.87982177734375
184.22207641601562	289.44708251953125
446.88031005859375	289.77276611328125
497.7900085449219	290.55645751953125
556.0595092773438	292.1504821777344
646.0569458007812	292.14642333984375
98.15614318847656	293.230224609375
473.0845031738281	294.5040283203125
660.6998901367188	294.5124206542969
568.3319091796875	298.69683837890625
560.4094848632812	300.33001708984375
547.2511596679688	301.0717468261719
580.0266723632812	301.1172180175781
614.8748779296875	300.76385498046875
505.0658874511719	301.5352478027344
843.2193603515625	301.7024841308594
419.3951110839844	303.9131164550781
671.8599243164062	304.46417236328125
468.94256591796875	305.887939453125
821.6544189453125	306.7140197753906
500.4925231933594	309.5513000488281
558.8992309570312	310.03662109375
65.00605010986328	312.5403137207031
669.0460205078125	314.6977844238281
740.1182861328125	316.1676025390625
856.2333984375	315.69110107421875
206.0042266845703	319.3221740722656
473.0096435546875	318.6002197265625
495.5997009277344	319.9261779785156
603.380126953125	320.9074401855469
681.6282958984375	320.9688720703125
485.4162292480469	322.7096252441406
112.67811584472656	324.8156433105469
587.1255493164062	325.5223388671875
803.1187744140625	327.6983337402344
565.8172607421875	337.1438903808594
756.6902465820312	336.5309143066406
455.5165710449219	337.7447509765625
738.721435546875	339.8983459472656
767.3424682617188	342.3507385253906
524.9217529296875	345.208251953125
576.4874267578125	346.9792785644531
707.5217895507812	346.73193359375
720.9950561523438	349.4805908203125
331.0853271484375	349.7242431640625
524.1784057617188	350.08843994140625
727.298095703125	351.3474426269531
308.03314208984375	354.88629150390625
775.322265625	359.1044616699219
892.0220336914062	358.5296325683594
720.7966918945312	359.63702392578125
563.2659912109375	361.00079345703125
429.0806579589844	363.1404724121094
413.263427734375	363.5775146484375
323.8884582519531	365.7607116699219
889.5975341796875	367.88653564453125
146.50674438476562	368.6741943359375
558.216064453125	370.1728515625
873.563720703125	371.0711364746094
435.893310546875	373.416015625
610.7418823242188	373.52105712890625
417.8991394042969	373.8241271972656
876.9346313476562	374.9390563964844
850.266357421875	376.43817138671875
852.5925903320312	380.1206970214844
839.37060546875	382.7345275878906
265.27764892578125	390.1745300292969
280.6479187011719	390.061767578125
601.3235473632812	390.7740173339844
724.108154296875	394.3009338378906
756.1689453125	395.2490539550781
705.31005859375	398.320068359375
247.50025939941406	401.2212829589844
712.2120361328125	404.4167785644531
687.0874633789062	409.90277099609375
221.98770141601562	410.9778747558594
238.8220672607422	415.4068908691406
579.3269653320312	419.2306213378906
594.1103515625	419.8973388671875
589.8860473632812	423.0930480957031
464.0853271484375	423.64276123046875
473.6670837402344	424.5005798339844
582.0468139648438	428.0294189453125
600.4317016601562	428.6352233886719
448.4910583496094	433.0798034667969
591.44482421875	435.501953125
456.77764892578125	441.2396240234375
596.7977905273438	442.5892639160156
508.15484619140625	451.8729248046875
434.80377197265625	453.9532470703125
439.07257080078125	463.5652160644531
433.0029602050781	507.6830749511719
568.263916015625	513.2843627929688
562.103271484375	526.6527099609375
514.360107421875	536.1898803710938
561.7479248046875	542.0518188476562
415.7816467285156	549.1116943359375
512.814208984375	576.5399169921875
578.1099243164062	610.7001953125
578.8221435546875	617.75537109375
506.9843444824219	633.6328735351562
524.579833984375	635.8861083984375
515.672119140625	638.5072021484375
493.77099609375	725.9759521484375
565.5759887695312	737.7750244140625
639.013671875	742.18310546875
649.640380859375	741.8716430664062
619.50244140625	745.6898803710938
581.4203491210938	747.7755126953125
629.386962890625	749.1900634765625
643.7905883789062	753.217529296875
655.1822509765625	752.7289428710938
611.8807983398438	753.5765991210938
672.1934814453125	758.6141967773438
630.622802734375	762.575927734375
651.2385864257812	763.1246337890625
674.5347290039062	763.1658935546875
574.0410766601562	765.7120361328125
620.7839965820312	766.5703125
662.8169555664062	767.4334716796875
600.7730712890625	768.7601318359375
685.4500732421875	769.6219482421875
615.4244384765625	784.0577392578125
653.5427856445312	784.9414672851562
695.0126953125	788.3446044921875
596.4583740234375	794.0380249023438
518.7556762695312	794.8185424804688
627.145751953125	797.2579956054688
528.1734619140625	801.2756958007812
608.266845703125	802.4345703125
597.1111450195312	804.3259887695312
636.2828369140625	806.326416015625
707.299560546875	807.4354858398438
617.2919311523438	808.3511962890625
698.5423583984375	812.4918212890625
666.3139038085938	833.453369140625
490.4635314941406	841.1041870117188
494.9860534667969	854.9133911132812
665.9959106445312	871.293701171875
691.3106079101562	883.7921752929688
507.7436828613281	895.1337890625
687.9730224609375	899.9612426757812
678.2808227539062	910.1757202148438
670.6197509765625	913.3281860351562
512.0750732421875	953.5214233398438
519.7007446289062	960.8798217773438
448.53546142578125	968.4593505859375
761.9449462890625	981.2169189453125
513.0081787109375	1017.9642944335938
494.462158203125	1027.718994140625
510.9544677734375	1029.008544921875
517.7927856445312	1035.44775390625
465.669189453125	1036.124755859375
489.96429443359375	1044.32421875
519.1830444335938	1045.389404296875
505.4994812011719	1046.230712890625
472.8765869140625	1050.0958251953125
501.79974365234375	1053.220947265625
538.8175659179688	1059.6876220703125
487.5137634277344	1062.0810546875
498.5592041015625	1063.298828125
511.6344299316406	1063.3406982421875
462.5596008300781	1074.53857421875
482.3465576171875	1078.42529296875
529.6964111328125	1085.915771484375
117.43771362304688	1087.26806640625
480.23358154296875	1095.5072021484375
529.826904296875	1098.6451416015625
524.2404174804688	1110.414794921875
503.9621887207031	1113.486083984375
499.7574157714844	1128.486328125
150.81491088867188	1129.2679443359375
520.9898071289062	1137.825439453125
234.5010528564453	86.19728088378906
287.2340393066406	85.81303405761719
262.3270263671875	90.8541259765625
478.2506103515625	99.0948486328125
241.1894073486328	100.5333251953125
456.94451904296875	100.3224868774414
164.0077667236328	101.1192398071289
402.5077209472656	103.33261108398438
418.4148254394531	105.75333404541016
720.7285766601562	108.52911376953125
385.2493896484375	111.67916107177734
457.4802551269531	118.02587890625
159.12876892089844	120.84376525878906
687.180419921875	120.486083984375
139.992431640625	121.62216186523438
439.3173522949219	125.50102233886719
614.791748046875	129.16871643066406
245.31028747558594	130.1265869140625
210.4072723388672	135.06243896484375
406.9463806152344	135.1039276123047
120.09601593017578	136.06297302246094
270.46728515625	137.1627655029297
508.5510559082031	141.39149475097656
354.0314636230469	144.7040252685547
698.3206176757812	148.36163330078125
736.9369506835938	149.7587890625
649.2202758789062	151.6775360107422
766.49560546875	153.08261108398438
783.33740234375	155.2756805419922
749.6979370117188	155.7193603515625
677.54638671875	157.91085815429688
363.4709167480469	160.32687377929688
280.4856262207031	163.20106506347656
582.0496826171875	165.65390014648438
397.308349609375	166.37449645996094
646.9824829101562	165.8918914794922
694.8078002929688	166.25881958007812
729.72998046875	169.34584045410156
96.50135040283203	172.77679443359375
328.0294189453125	172.1460723876953
468.48114013671875	173.72503662109375
386.7381896972656	176.79725646972656
488.5373229980469	178.26783752441406
516.0406494140625	179.41354370117188
259.839599609375	182.87840270996094
635.95166015625	183.72265625
547.9443969726562	186.69061279296875
146.96066284179688	188.00729370117188
592.8886108398438	188.69967651367188
655.48486328125	189.1168212890625
472.8017272949219	190.0588836669922
651.03076171875	192.82818603515625
166.1025848388672	195.13241577148438
346.1697998046875	195.41278076171875
429.8472900390625	194.7996368408203
579.2496337890625	194.93540954589844
690.5062866210938	196.45681762695312
774.815673828125	195.82028198242188
416.09967041015625	198.22154235839844
563.0882568359375	198.29052734375
493.835693359375	200.78271484375
527.7407836914062	200.46441650390625
544.1473999023438	199.95431518554688
661.7011108398438	200.4444122314453
479.8140869140625	202.6437530517578
608.9199829101562	204.01937866210938
675.5537109375	204.74375915527344
634.6388549804688	205.7713623046875
555.3308715820312	211.468994140625
376.4411926269531	213.90399169921875
562.5474853515625	216.4721221923828
132.1337127685547	217.74827575683594
480.96002197265625	218.96876525878906
447.0028991699219	221.939453125
620.59033203125	219.7462921142578
355.7093811035156	222.48873901367188
548.66845703125	227.47021484375
694.1513671875	227.5273895263672
252.14019775390625	229.4060516357422
511.3399658203125	228.42591857910156
580.947509765625	228.28492736816406
493.2029113769531	229.38534545898438
373.4869384765625	231.40550231933594
433.7336730957031	232.3218536376953
450.4266662597656	233.7136993408203
597.1917114257812	237.23724365234375
671.2685546875	236.77574157714844
176.0167236328125	239.08985900878906
647.263916015625	238.49929809570312
556.2532958984375	241.30194091796875
533.8096923828125	242.00302124023438
572.0673828125	241.5968780517578
348.9510192871094	245.82098388671875
622.7968139648438	246.38031005859375
686.1890869140625	246.05015563964844
317.1995849609375	248.5330352783203
387.49859619140625	250.22918701171875
300.1966857910156	251.86306762695312
543.9169921875	253.9984130859375
192.79681396484375	255.67279052734375
589.9584350585938	256.5592956542969
332.0372314453125	259.1601867675781
572.96875	263.2980651855469
612.9525756835938	261.9620056152344
843.3482666015625	261.8975830078125
350.81488037109375	264.2844543457031
438.2070007324219	264.7893371582031
122.02814483642578	267.0648193359375
452.8544921875	267.2113342285156
392.22906494140625	268.3730163574219
780.5950317382812	269.8288269042969
182.7453155517578	275.0247802734375
547.5689697265625	278.123291015625
280.894287109375	279.925537109375
566.69970703125	280.011962890625
663.8947143554688	279.7618408203125
123.48051452636719	282.2545471191406
637.7407836914062	282.7570495605469
312.690185546875	285.8748779296875
486.03875732421875	286.7813720703125
468.5640563964844	289.7888488769531
554.1730346679688	291.0627136230469
734.2488403320312	293.3558654785156
565.914306640625	298.883544921875
614.7722778320312	298.4486389160156
658.4972534179688	297.9573059082031
132.75933837890625	300.3922424316406
297.2055358886719	299.6413269042969
841.8456420898438	299.7046813964844
419.6389465332031	302.3924560546875
502.473876953125	301.563232421875
672.72802734375	303.2581481933594
821.25390625	303.4942932128906
464.938720703125	305.44500732421875
553.6188354492188	313.0715637207031
832.2330932617188	313.47076416015625
853.8953857421875	312.731201171875
280.194091796875	314.50494384765625
663.783447265625	313.9100036621094
512.3508911132812	317.0200500488281
206.91693115234375	320.9931640625
683.1202392578125	321.5584411621094
741.134765625	320.5030212402344
602.6928100585938	322.9715881347656
111.53024291992188	324.75274658203125
803.6467895507812	324.48773193359375
484.6217346191406	326.3299255371094
584.826416015625	325.72393798828125
550.5103759765625	333.04217529296875
313.71820068359375	335.60015869140625
744.5262451171875	334.09912109375
751.634765625	334.7789001464844
563.1043701171875	336.83099365234375
525.96240234375	342.2107849121094
550.8780517578125	339.63311767578125
578.6615600585938	343.23681640625
524.633544921875	346.7270202636719
704.0908203125	346.26214599609375
723.326904296875	345.95159912109375
332.5133056640625	350.0743103027344
429.32574462890625	359.521484375
409.3468322753906	361.97650146484375
772.9752197265625	361.69219970703125
885.2777709960938	368.873779296875
876.9561767578125	370.9873046875
434.1458740234375	373.2975158691406
612.4584350585938	375.0407409667969
417.90936279296875	377.61962890625
780.0479125976562	378.6558837890625
843.4130249023438	384.16400146484375
730.8045654296875	389.01055908203125
602.0914916992188	391.24493408203125
702.686279296875	395.2245178222656
247.69419860839844	402.43157958984375
712.6654663085938	404.6609802246094
238.2824249267578	415.8367614746094
592.046142578125	417.5533752441406
578.7178344726562	421.416015625
377.6927185058594	425.4890441894531
462.7902526855469	423.75946044921875
602.3743286132812	429.15313720703125
447.5309753417969	433.005126953125
458.41802978515625	442.7485046386719
509.6313781738281	451.422607421875
430.8735656738281	452.2936096191406
432.4154968261719	508.9017639160156
569.6407470703125	515.1557006835938
514.8535766601562	533.6348876953125
562.1387329101562	539.638916015625
410.9164733886719	553.4466552734375
420.7508544921875	561.1581420898438
512.2576904296875	577.7135009765625
503.8063659667969	631.6583862304688
528.7142333984375	638.1625366210938
503.849365234375	648.62158203125
492.5749816894531	733.5642700195312
568.6096801757812	735.1627807617188
617.5444946289062	743.81884765625
660.2662353515625	745.9948120117188
582.0064697265625	749.8888549804688
630.629638671875	753.05224609375
642.1458740234375	753.5010375976562
607.543212890625	756.3458251953125
671.1320190429688	760.0630493164062
576.65966796875	762.5795288085938
648.2029418945312	768.5462036132812
662.6602172851562	772.1361694335938
688.8953247070312	772.2568359375
651.8446655273438	787.5064697265625
593.8466796875	791.1162719726562
694.1943359375	791.399658203125
525.8264770507812	798.2238159179688
633.6714477539062	805.5418701171875
615.7022705078125	810.3629150390625
695.1695556640625	814.7947387695312
647.7509765625	817.7522583007812
675.7316284179688	823.2192993164062
428.2853698730469	828.2173461914062
491.0545349121094	840.8799438476562
494.6364440917969	852.9005126953125
686.056396484375	852.9603881835938
684.3178100585938	900.3071899414062
478.2151794433594	1014.828369140625
513.5350952148438	1015.4229125976562
496.5514831542969	1020.8231811523438
519.7901611328125	1034.0450439453125
487.6463928222656	1042.6429443359375
504.37603759765625	1042.4075927734375
534.5025024414062	1049.4866943359375
470.4443359375	1050.2398681640625
508.1798400878906	1061.9434814453125
482.62542724609375	1064.023681640625
499.4306640625	1063.917724609375
460.8916015625	1070.2525634765625
483.5142517089844	1077.958740234375
527.8629150390625	1082.9769287109375
117.88211822509766	1089.19189453125
524.37060546875	1097.3751220703125
504.9069519042969	1111.933837890625
521.8222045898438	1113.2972412109375
253.20506286621094	89.26101684570312
389.3436584472656	149.8266143798828
462.27880859375	216.972900390625
582.6089477539062	302.6456604003906
497.0782470703125	320.5221862792969
793.3501586914062	341.1612548828125
594.177734375	806.0248413085938
686.3359375	890.0671997070312
670.115234375	896.5101318359375
509.7075500488281	1028.3712158203125
499.23883056640625	1049.73974609375
459.88677978515625	117.41999816894531
140.3010711669922	117.6494369506836
687.5718994140625	117.75108337402344
158.24224853515625	119.71761322021484
440.59124755859375	126.66180419921875
430.2126770019531	130.33404541015625
210.9442596435547	133.05577087402344
403.3711242675781	132.90371704101562
119.0854721069336	135.86038208007812
445.9774169921875	144.56472778320312
352.3282470703125	145.7084197998047
769.2955932617188	150.6770477294922
503.01470947265625	152.30838012695312
669.3567504882812	152.85519409179688
779.7415771484375	151.6443634033203
745.5906982421875	154.71005249023438
394.9703369140625	157.62075805664062
676.0069580078125	159.0922393798828
518.4432373046875	162.64466857910156
548.2377319335938	168.8546142578125
581.0291137695312	167.68795776367188
697.0108642578125	168.76510620117188
728.1691284179688	172.60537719726562
329.62127685546875	174.33856201171875
516.7208862304688	176.27467346191406
341.9287109375	180.35179138183594
521.7152099609375	183.0334930419922
595.837646484375	184.58079528808594
636.7090454101562	186.83700561523438
192.873779296875	189.04232788085938
318.2072448730469	192.57069396972656
468.7776794433594	192.16798400878906
773.0908203125	193.44496154785156
166.6713104248047	197.33993530273438
345.70361328125	198.20953369140625
466.78155517578125	199.64053344726562
535.9520263671875	200.5065155029297
560.0772705078125	203.35633850097656
632.3280029296875	201.78013610839844
692.838623046875	207.9459228515625
377.1943359375	211.32778930664062
673.7742919921875	210.65927124023438
329.38043212890625	212.81695556640625
558.94873046875	211.62564086914062
445.4159851074219	217.06260681152344
130.5647735595703	220.77882385253906
620.4146118164062	220.64442443847656
511.44879150390625	225.3171844482422
695.1817016601562	225.20143127441406
250.4712677001953	228.1003875732422
492.7685852050781	230.7670135498047
372.3787536621094	232.35305786132812
597.0809936523438	232.85916137695312
669.2140502929688	233.07650756835938
529.4774169921875	237.63340759277344
690.47021484375	240.24774169921875
155.79354858398438	242.47508239746094
180.57508850097656	241.8417205810547
352.75909423828125	244.19125366210938
461.5263366699219	249.1141357421875
386.9790954589844	253.73831176757812
457.17547607421875	255.2537384033203
661.4520874023438	255.03248596191406
591.2626342773438	255.393798828125
569.7014770507812	257.82861328125
119.80069732666016	263.6736145019531
351.0027770996094	265.368408203125
436.55804443359375	265.515380859375
682.3060913085938	265.51434326171875
454.40863037109375	268.6551818847656
539.1655883789062	267.9732971191406
663.0994262695312	277.1792907714844
564.3598022460938	279.5702819824219
466.2654113769531	285.201171875
313.1234436035156	287.0483093261719
736.9895629882812	292.5480651855469
566.8154907226562	298.462158203125
420.6264343261719	300.9413757324219
298.5999755859375	301.972412109375
614.6824951171875	301.59539794921875
657.4373168945312	301.8985595703125
364.36566162109375	307.2991943359375
462.2467346191406	305.67169189453125
517.7186889648438	312.53033447265625
278.2148742675781	314.1485290527344
688.2975463867188	318.91131591796875
847.705810546875	319.1375732421875
804.1331787109375	322.12567138671875
836.279296875	322.2867736816406
584.0712280273438	326.69195556640625
783.050048828125	330.0077209472656
487.9119567871094	332.5697937011719
745.992431640625	331.8131408691406
310.9053649902344	335.14031982421875
283.92718505859375	336.16522216796875
559.6092529296875	337.0664367675781
462.68878173828125	338.6369934082031
526.3956909179688	340.29376220703125
721.599365234375	341.9725036621094
794.9334716796875	342.5059509277344
525.0469360351562	347.5434265136719
430.352294921875	355.5066223144531
404.90521240234375	360.3872985839844
877.5440673828125	370.7428894042969
324.1179504394531	372.8116760253906
784.9714965820312	375.03936767578125
845.1597290039062	378.6922607421875
875.8754272460938	378.8694763183594
415.94647216796875	380.7091064453125
737.2298583984375	384.8084411621094
810.0847778320312	384.5420837402344
282.50628662109375	386.1947021484375
803.0042114257812	386.1600341796875
846.126708984375	386.1960144042969
794.6353759765625	387.90887451171875
700.4506225585938	392.732177734375
262.4725646972656	394.6825256347656
733.1685180664062	394.1869201660156
763.82568359375	394.36578369140625
207.22288513183594	396.5391845703125
757.7413330078125	395.7087707519531
254.6386260986328	402.28131103515625
473.7305603027344	404.583251953125
713.36474609375	404.8251037597656
686.8340454101562	410.24334716796875
680.0123901367188	411.77642822265625
593.351318359375	414.88226318359375
668.549560546875	414.0763854980469
218.84649658203125	417.0315246582031
638.6209716796875	420.1449890136719
629.5515747070312	422.025146484375
377.4742736816406	425.1626892089844
605.4220581054688	429.40167236328125
460.2390441894531	446.204833984375
510.9789123535156	450.4814453125
418.2897644042969	466.20538330078125
432.37689208984375	470.495849609375
432.2518005371094	509.5039367675781
572.16162109375	518.89404296875
122.82429504394531	528.0090942382812
515.0776977539062	532.4940795898438
408.0461730957031	551.5390625
414.06591796875	557.262939453125
406.24676513671875	558.2001342773438
420.1178894042969	564.6510620117188
568.2821044921875	568.317138671875
406.6236267089844	587.5922241210938
576.492919921875	615.0792236328125
573.02490234375	627.0169677734375
402.441650390625	628.2350463867188
533.788818359375	638.908447265625
482.53106689453125	643.2907104492188
513.6607666015625	644.3406982421875
545.6471557617188	647.7560424804688
504.45098876953125	649.6204833984375
476.6139221191406	702.8377075195312
489.14752197265625	731.8412475585938
573.1978759765625	731.8125
493.49346923828125	740.0986328125
582.8480834960938	753.8963012695312
636.52294921875	755.016845703125
603.2801513671875	757.6596069335938
489.7706298828125	768.47900390625
509.03826904296875	770.9778442382812
691.0975341796875	771.3530883789062
510.9967956542969	778.6689453125
650.8126220703125	791.3555908203125
525.8801879882812	795.807373046875
694.9678344726562	796.0155029296875
632.8193359375	805.6614990234375
423.0335693359375	810.09130859375
647.9812622070312	819.453857421875
676.7460327148438	820.5151977539062
426.6860046386719	823.5842895507812
428.0299072265625	828.9570922851562
659.8409423828125	834.9656372070312
492.3453369140625	843.9628295898438
685.1947631835938	854.8148803710938
657.1275024414062	863.3878784179688
440.98760986328125	887.0516967773438
442.56005859375	897.325927734375
506.2953186035156	897.975830078125
673.9553833007812	905.0596923828125
444.2398681640625	906.2228393554688
444.1634216308594	937.2182006835938
510.3494567871094	953.3739624023438
450.8930969238281	968.5884399414062
453.0485534667969	977.6148071289062
512.9824829101562	989.5828247070312
472.772216796875	998.5231323242188
477.2815856933594	1011.0287475585938
462.8333435058594	1015.6803588867188
495.7030029296875	1016.8250122070312
464.5984802246094	1029.4210205078125
504.1268615722656	1042.32861328125
536.64404296875	1045.2286376953125
504.38409423828125	1063.388671875
460.6070556640625	1065.6329345703125
603.4530639648438	324.7798156738281
336.1103515625	177.07029724121094
381.3822326660156	178.42303466796875
522.6113891601562	175.08604431152344
732.8518676757812	181.9259796142578
771.4349365234375	187.6934814453125
200.81072998046875	194.75146484375
631.5685424804688	194.35377502441406
539.05517578125	201.17630004882812
664.1259155273438	223.14564514160156
619.2645874023438	223.875
691.7821655273438	231.6416778564453
361.4328308105469	236.83973693847656
185.4870147705078	246.80752563476562
639.2669677734375	249.076171875
390.56781005859375	255.5165252685547
517.5629272460938	252.74517822265625
660.084228515625	271.3812255859375
462.3800354003906	279.4872741699219
731.6194458007812	290.2095947265625
792.947509765625	287.7250671386719
836.7424926757812	292.3412780761719
306.02813720703125	295.75006103515625
422.3009033203125	296.3504333496094
610.025634765625	298.3409118652344
359.0704650878906	311.6834716796875
653.1656494140625	307.606201171875
522.5774536132812	312.0625
772.3325805664062	313.7768249511719
687.09375	317.1311340332031
716.5370483398438	332.82769775390625
743.9363403320312	332.73345947265625
465.67877197265625	336.23785400390625
556.5264892578125	337.9085693359375
428.2979431152344	342.9300537109375
283.9248962402344	344.3397521972656
394.7630310058594	357.06805419921875
814.4337158203125	361.4518737792969
326.33905029296875	366.5064697265625
746.560546875	375.53485107421875
202.90948486328125	391.8868408203125
765.9588012695312	393.99456787109375
260.5721435546875	398.2413024902344
714.34423828125	405.03656005859375
461.1912841796875	418.7693786621094
215.93283081054688	422.3442077636719
608.6940307617188	430.4576110839844
395.90478515625	445.20098876953125
459.7837219238281	452.5396423339844
573.9968872070312	457.121337890625
425.95733642578125	469.8312072753906
564.0826416015625	488.0699157714844
570.31884765625	525.1356201171875
398.3635559082031	564.5889892578125
568.47265625	562.5943603515625
505.0873718261719	652.2164916992188
471.01678466796875	702.3418579101562
580.8228759765625	725.677734375
618.2437133789062	737.858154296875
496.5747375488281	741.9805297851562
588.2584228515625	757.0227661132812
640.0685424804688	760.855224609375
484.9090576171875	766.6921997070312
695.1492309570312	768.401611328125
526.923828125	789.706298828125
653.7243041992188	788.93115234375
692.3446655273438	800.317138671875
602.4194946289062	810.7814331054688
650.3654174804688	825.9795532226562
424.5373229980469	826.9271850585938
493.8348693847656	841.55810546875
501.4483947753906	897.0853271484375
672.5595092773438	898.9560546875
445.4663391113281	903.7886962890625
503.29193115234375	940.5094604492188
505.34271240234375	951.6650390625
484.65087890625	1004.87744140625
515.3178100585938	1006.9637451171875
518.6339721679688	1020.0581665039062
460.449951171875	1024.0946044921875
703.3084106445312	174.0334014892578
466.62567138671875	183.8702850341797
599.8307495117188	188.58642578125
500.0126647949219	199.4514923095703
389.11895751953125	214.97381591796875
716.2421875	216.27896118164062
567.8370361328125	256.3681640625
838.0360107421875	264.17474365234375
615.5324096679688	383.9926452636719
356.3472595214844	238.9442596435547
510.5682678222656	257.4794616699219
645.3782348632812	259.76593017578125
661.619873046875	265.461669921875
791.38623046875	286.0947570800781
390.85223388671875	287.9101257324219
423.45684814453125	289.5628967285156
528.5407104492188	308.1463623046875
770.1045532226562	308.698974609375
354.70550537109375	314.7071533203125
578.1408081054688	313.8768310546875
649.1964111328125	311.61309814453125
704.3140258789062	316.8193664550781
418.9216003417969	333.73431396484375
468.6206970214844	334.56732177734375
780.3159790039062	334.7583312988281
549.7941284179688	340.8941345214844
675.3433227539062	341.40234375
386.0743408203125	353.8436279296875
327.1485595703125	361.0906066894531
755.6708984375	368.4697265625
574.4630126953125	392.37835693359375
773.7591552734375	393.15411376953125
714.31591796875	405.07379150390625
402.5518493652344	441.4120788574219
361.9552307128906	449.681396484375
572.1546630859375	461.5441589355469
419.8702697753906	469.98455810546875
565.4230346679688	481.04608154296875
336.3333740234375	484.62554931640625
575.6334838867188	531.140869140625
390.68646240234375	573.0997924804688
402.7365417480469	590.2252197265625
558.5999145507812	626.7703247070312
405.69976806640625	630.3327026367188
416.0462341308594	645.058349609375
493.9742736816406	659.3562622070312
402.3491516113281	685.051513671875
568.2203369140625	694.4619140625
468.4042053222656	702.1113891601562
405.5423583984375	707.0086059570312
589.6468505859375	720.7083129882812
409.41400146484375	726.2941284179688
490.7713928222656	738.2076416015625
413.2093505859375	741.3435668945312
485.5091247558594	752.6150512695312
646.7206420898438	760.2791748046875
631.3865356445312	766.1795654296875
482.7281188964844	769.1417846679688
450.06353759765625	783.4404296875
529.910400390625	783.765625
596.8541259765625	810.5867309570312
422.25274658203125	822.1294555664062
508.022216796875	825.4376220703125
649.8893432617188	830.494384765625
492.9857482910156	832.7320556640625
457.70458984375	862.7635498046875
461.2834777832031	892.8508911132812
671.6935424804688	895.2304077148438
445.7793884277344	901.2756958007812
501.06060791015625	900.27685546875
448.6634521484375	915.7936401367188
453.18804931640625	937.78369140625
496.2567443847656	936.056396484375
456.8218078613281	952.4807739257812
494.5985412597656	950.5916137695312
363.2734069824219	345.11920166015625
558.2291870117188	397.31781005859375
622.010986328125	429.6032409667969
564.8054809570312	467.9923095703125
410.8409423828125	476.1147766113281
585.0512084960938	536.2486572265625
376.0672607421875	584.9210205078125
554.5266723632812	619.5888061523438
412.0437927246094	641.7919921875
500.7193603515625	663.7322387695312
412.4094543457031	708.4793701171875
602.23486328125	710.8965454101562
443.4035339355469	742.4097900390625
429.2355041503906	763.1146850585938
544.9717407226562	773.4381713867188
579.206787109375	813.4744262695312
416.7279357910156	823.1837158203125
649.4995727539062	836.5595092773438
439.99114990234375	369.40673828125
385.660888671875	426.14276123046875
629.3240356445312	771.1544189453125
521.2867431640625	836.1846313476562
